2.215811776826420498e+00 6.700644158434122311e+00 7.141066394054902844e+00
5.386138744767892561e+00 7.434558099769442485e+00 2.369921442297830083e+00
1.649503787043791414e+00 2.070371791191732702e-01 5.234065568541159230e+00
2.892387225958013564e-01 4.910855006715991067e+00 4.412202950877911256e+00
4.757876084676899708e+00 6.076825367458498661e+00 8.114271219038947436e+00
1.758470814556110762e+00 4.364396586113545418e+00 9.713850593354024454e+00
4.993037169115092766e+00 2.999796031343215374e-01 2.902553528226237134e+00
2.688008297364707477e+00 1.665385163629126453e+01 9.352187751295486517e-01
1.289171251114110683e+00 3.725917289889995043e+00 4.010126026738864091e+00
5.459991470986316209e+00 1.076840058891802343e+01 2.437694706127746969e+00
8.943662861086441526e-03 9.549583303189953298e+00 1.510287079993242187e+01
8.787306048176660056e+00 1.003164257203110488e+01 1.426460436672977039e+01
1.386994528751474043e+01 6.166922480155635711e+00 5.435672614486135146e+00
9.220411665253188005e+00 4.888352324758987066e+00 5.088374388143414251e+00
7.700536628632677960e+00 1.324766486778831354e+00 3.913847401098678791e+00
7.736965443857664049e+00 1.019659757966597269e+01 1.419474591192231117e+01
7.817439126354431167e+00 6.249500929502347368e+00 4.976806704931479253e+00
1.317253183593487087e+01 1.490633423103827582e+01 5.309416936884707283e+00
9.584624774721605789e+00 4.007367609323538638e+00 5.464876148182601590e+00
1.253872817437063070e+01 1.627927512355819317e+01 6.484851884307355263e+00
