1.379950462077015914e+02 1.833542585124669415e+02 1.269917183694390701e+02
1.766187989558139861e+02 1.990090156764481151e+02 7.163378133052455965e-01
1.999662852218730222e+02 7.186220763001549017e+01 1.170777321371825330e+01
1.155955145275787856e+02 1.390593858636074742e+02 4.957679712516398496e+01
1.540432778071695736e+02 1.476544856879693839e+02 6.378163053092742274e+01
1.617373553792583039e+02 1.341550431932320464e+02 1.580229506890007407e+00
1.938431595746069149e+02 8.729570130848213694e+01 8.299096572332409494e+01
9.123379449377588912e+01 9.625434559524339306e+01 8.516370161711010667e+01
1.004400371429052399e+02 8.800501186182032143e+01 2.034661025837978343e+01
1.103696550585817420e+02 1.770409942144238471e+02 6.562670733983884475e+01
1.246518963101371753e+02 2.230763110978282171e+01 1.691068456284006913e+02
5.298002407218156407e+01 1.200684578450193669e+02 1.423337856957708141e+02
7.918318063773213566e+01 1.837882334623517693e+02 5.706668419792790559e+01
4.936457686454443206e+01 1.238082710463360314e+02 1.214894593399860128e+02
5.572110274677921637e+01 1.245321853962753522e+02 5.534136836699805428e+01
1.197944129314599166e+02 1.304322216375877588e+02 1.697510333830332172e+02
6.733721961970420011e+01 1.667498671271182786e+02 1.015222882537917428e+02
8.901198067529993807e+01 1.560288838310534913e+02 6.976998125492146130e+01
9.226623660660597182e+01 3.500505328300791064e+01 5.552770211357935892e+01
9.906824025339831508e+01 1.727341797128362373e+02 8.046027651053380225e+01
6.908045172500551701e+01 3.758024930038095590e+01 1.624908066650928902e+02
7.178582448455156850e+01 1.369218291422177174e+02 1.372016468010224344e+02
1.817263087457206083e+01 1.666287086763227023e+02 1.631640918961095110e+02
7.680875899315495303e+01 3.053746905506091736e+01 1.534047415174921696e+02
1.324149753185621670e+00 1.365303136547364034e+02 1.113325267084821206e+02
1.291614211375571308e+01 3.724061267079375170e+01 9.433263822123061360e+00
1.575852006190015118e+02 1.966930774234367902e+02 1.808062958166018461e+02
9.776546844442954409e+01 4.784445606091631475e+01 1.493539189758430474e+00
1.507907694780491568e+02 1.821538254567360582e+02 9.554015280837262480e+01
1.682006595649216862e+01 1.669811257152461792e+02 1.573370580264996654e+01
3.081789306004634099e+01 1.184963659352626024e+02 9.145980839626113834e+01
1.216029591165152368e+02 1.451416972089995170e+02 1.756434178427446113e+01
1.651879540076025989e+02 5.057461580731481554e+00 7.169598574174287364e+01
1.989393227736863423e+02 1.011206360914827656e+02 1.228268801660282321e+02
1.322279595762703934e+02 1.735361072975900925e+02 1.513191603487796044e+02
1.496406751976033149e+02 7.492380295305069637e+01 1.214983033724812600e+02
1.485359506731177248e+02 1.558912614471728375e+02 1.297559336211768652e+02
7.475640157089245008e+01 9.775335956669226789e+01 1.011026471814592753e+02
9.089076972889387207e+01 5.544227327209272360e+00 6.555646156399654956e+01
1.383329261103885983e+02 1.620098489279091609e+02 1.326753459395965251e+02
1.961342178047734421e+02 1.476377904747332650e+02 1.301524358605361158e+02
1.730742402431917526e+02 2.302415890094433593e+01 1.916872096713962321e+02
1.692338485721939492e+02 1.651664370317714088e+02 3.193866075365063750e+01
1.599032625297672894e+02 6.826311086596132327e+01 9.773974921650068381e+01
1.912739039254509237e+02 1.125238875052972958e+02 9.235118505630693164e+01
3.873907529031739472e+01 2.258045815086893171e+01 1.287187678102430937e+02
1.831988431609732970e+02 3.536778974990299673e+01 1.320550188220329915e+02
6.384624875069251004e+01 7.407828346953064624e+01 6.943533046144567678e+00
1.701061181831059343e+02 7.020277267307774594e+01 3.187609433781106816e+01
3.178352721193367003e+01 1.785609918001711947e+02 1.933069003541818347e+02
1.661867926846732360e+02 5.677677715496531619e+01 1.235920577281191868e+02
1.273552027901409645e+02 1.840030944644547901e+02 1.060950761417136476e+02
4.717384725949498403e+01 6.208377544793663816e+01 1.254820738929144142e+02
1.798286142573053326e+02 1.920510377370952995e+02 4.217358735864866759e+01
9.131133630023356318e+01 6.442615697700115618e+01 1.635826599196706184e+02
9.827697883285566149e+01 1.492009548845061886e+02 1.736573139868204407e+02
1.038311062767367510e+01 6.357847170688304317e+01 6.301062549170741534e+01
1.091773627678164615e+02 1.554413822740343107e+02 1.019919037122633370e+02
1.497095907779327888e+02 6.976347931553345916e+01 2.552248339816947009e+01
9.386891853382502404e+01 1.570366896106584136e+02 1.093926892946893759e+02
6.384433068792707644e+01 3.106971418816748454e+01 2.651195112090953820e+00
1.312420645011541183e+02 1.291370596337548591e+02 1.389962220532781068e+00
1.035925380004463250e+02 4.696887675188232691e+01 1.675134785952035941e+02
1.497219598106725016e+02 1.621031196935694538e+02 1.074227888312828583e+01
5.646991533757790194e+01 1.810913966311019294e+02 2.322235875296419039e+01
1.524174579036252339e+02 1.574524734322885990e+02 1.934560912036081390e+02
7.256461859229771960e+01 9.664257947204966115e+01 2.048471460461396276e+01
1.915459268276649709e+02 4.747178634456019353e+01 1.760039116381235544e+02
7.068814138770153477e+01 1.938318105671316971e+02 1.337131525163098900e+02
1.103335273989643639e+02 5.758792354572284111e+00 1.515839865564312277e+02
1.369930759897273731e+02 1.923199884739857737e+02 4.095733613105156934e+01
1.612236462839466640e+02 8.278007209357778606e+01 1.728460362238338064e+02
1.513861350014013567e+02 7.629846655850791137e+01 8.606881185958967251e+01
1.398098883686319311e+02 2.103543274931298868e+01 6.706919683486023587e+01
1.496155734858596702e+02 1.552872707898960982e+02 1.920617246107557889e+02
6.809847260669504010e+01 1.456282526067836613e+02 1.287779359262503931e+02
1.123543780630869016e+01 9.329899378790788944e+01 3.264915826515151309e+01
1.511689993340941669e+02 1.983837096068579626e+02 9.987166928346387351e+01
1.461807576269247022e+02 1.313861138020884312e+02 5.345880687095314698e+01
1.134806771164329717e+02 1.704056651170297414e+02 3.182845956466826465e+01
8.157525992912108848e+01 2.390045475900650729e+01 1.686817934100578498e+02
1.896630498551612334e+02 1.463040087192413523e+02 9.248625593261911604e+01
1.074974764170362675e+02 3.252890699261479313e+01 1.866815791517832395e+02
1.252445273071943319e+02 6.349364487763669018e+01 1.426085628043179270e+02
4.289666911550646944e+01 1.194379297896137615e+02 1.255078610268945027e+02
1.535813848892332203e+02 1.115455380109820993e+02 1.185391839435223638e+00
1.163876210935850679e+02 1.456178004673552948e+02 1.598915414891374667e+02
1.547397561228937946e+02 1.731897039100101097e+02 1.304570139536142506e+02
1.439813301618881098e+02 2.883197619265267519e+01 9.376417285170373361e+01
1.288288606319856200e+01 3.002461051048281959e+01 7.512971231422731933e+01
7.635734520003367720e+01 7.033780635855761432e+01 2.773710306733567776e+01
1.420957510032571065e+02 1.592391407204624443e+02 2.307281023359004735e+01
1.081325949674520217e+02 1.873906627994155372e+01 2.465206597629854457e+01
1.914820912532873365e+02 1.952698720913909369e+02 1.531831633695347534e+02
1.292846014462342339e+02 1.317985031091634482e+02 7.836473915026509474e-01
7.329201359950536698e+01 4.273045201331671095e+00 8.573296334246214201e+01
1.282845155810141193e+02 1.890203381918035177e+02 1.412837140701668375e+02
1.972938805311084707e+02 8.541490682439692250e+01 1.971614378006832169e+02
1.071065795730092844e+02 1.285939043136804116e+02 3.073855350699261635e-04
4.731222934899974319e+01 1.463979850740122401e+02 6.351184794157771485e+00
4.912224243098017951e+01 2.208838832855612822e+01 1.936057778685800201e+01
8.801063118472043811e+01 1.183218974644413777e+02 1.704679914868412993e+02
1.263879295943487193e+02 1.382930007839904363e+01 1.890535500781405176e+02
6.126158726672292687e+01 9.675044900758263111e+01 4.463967192867501765e+00
1.494187967335072074e+02 6.126645757716347163e+01 5.803821134995541797e+01
6.343693685179117381e+01 3.183828503078014549e+01 1.803739907670069442e+02
1.374366297129159307e+02 4.256383372101022644e+01 1.464897729590363440e+02
8.241939312962685449e+01 1.988094117436353372e+02 7.755311397247077743e+00
3.668446286026538417e+01 1.658167542314937464e+02 1.573076029034735939e+02
1.760430237371039368e+02 1.411034397212354747e+02 4.593433163247562234e-01
1.675922936358723234e+02 1.885122817587912323e+02 1.274221602045531512e+02
8.770825631587841897e+00 1.734961171594888469e+02 2.077828630967930579e+01
8.772074772728689140e+01 3.868543498646926082e+01 1.400560011133046601e+02
4.634017143395630001e+01 1.795942277408979066e+02 1.464079621643616065e+02
1.397882476913133303e+02 2.660304317137163110e+01 4.972730816961661304e+01
1.039093542752269599e+02 3.106451989801850644e+01 4.083122252430572985e+01
1.604035299865996933e+02 3.621541354708143956e+01 2.786398491816621714e+01
1.830013678115999198e+02 6.425265585438384619e+01 1.599495687288340662e+02
5.634275279795699731e+01 1.086450827156793366e+02 1.494536834814903514e+01
1.625493172903595962e+01 2.927514452153578972e+01 1.255978305020265964e+02
1.762692084830645740e+02 2.001336858375783834e+01 1.426273611970282218e+02
2.914741846617365795e+01 1.188835304924602525e+02 1.829588319207904590e+02
3.293538718392559161e+01 1.975282232981322466e+02 4.423957779153173675e+01
9.157343267120023711e+01 5.286289269015696135e+01 5.677023484524443830e+01
1.242452137730983566e+02 5.654926481617248157e+01 1.503362035330884510e+02
1.420885881174069993e+02 8.450910744178392520e+01 1.339579471624552696e+02
1.515846923119159442e+02 4.027556933584479282e+01 1.602725764634321877e+02
1.332959858300341125e+02 1.527376167396161293e+02 5.680394131711574701e+00
1.221278059806156691e+01 1.325572134896834200e+02 1.493084602408337105e+02
8.795816859615497663e+01 1.237318723559439633e+02 1.579899307774623196e+02
8.502072009075614289e+01 5.047086871735861990e+01 9.639334931198075651e+01
1.182153374182704368e+02 1.971440890537488428e+02 8.729030462582731786e+01
1.073201557397296995e+02 3.921245203442265392e+01 8.970970240878462221e+01
5.981856946859067392e+01 1.610102610224735145e+02 3.944312892208470345e+01
1.807537315157477451e+02 1.795296885470101813e+02 1.571302964902248505e+02
1.494152789655134086e+02 4.275447508684058562e+01 1.372967408168907966e+01
1.513010701596093952e+02 2.103755879399438200e+00 2.061708476554955283e+01
3.145632870219470334e+01 1.144442828576464066e+01 1.206566594547948057e+02
1.365330719163506679e+01 1.116738409633511111e+02 8.267065881465131838e+01
2.784004556684340770e+01 1.810964275892171997e+02 1.640251688940363692e+02
7.858082268947974569e+00 3.056248041010256600e+00 6.174477633776711372e+01
1.154981446007448120e+01 1.595242670424492530e+02 1.896088074697521506e+02
1.654755496825040950e+02 9.451460131881144378e+01 1.067815481709820915e+02
2.064191414254699097e+01 6.638331038806133400e+00 2.635177185077954931e+01
4.283839803461781770e+01 1.337864364589449622e+02 9.539176382039138957e+01
1.237039383101819539e+02 1.065193997122156446e+02 1.866307429128564763e+02
5.504719528644719162e+01 9.696357682901719954e+01 1.732476866553662376e+02
1.307545554805863901e+02 1.343127594069854354e+02 6.810851974449533941e+01
1.069979859537610452e+02 2.401848506911075098e+00 8.777772246286975388e+00
1.245521704646981931e+02 1.843250191666524529e+02 7.116602485061996219e+01
1.201837609316931008e+02 1.625209108831329559e+02 5.801888424419991708e+01
4.902351325429705753e+01 1.440742504189707063e+01 1.158288342947699334e+02
1.373658597274062458e+02 6.730758117898582782e+01 1.006930857175828180e+02
1.378731889743802697e+02 2.162169217039406988e+01 8.756554000807643945e+01
9.245789275113946104e+00 4.147973061767065417e+01 8.886245031906071290e+00
1.554302212712341031e+02 3.142156432728315707e+01 1.307159861378459311e+02
3.522888063044496221e+01 6.045983288500267605e+01 1.840079979903435117e+02
1.647145537074470667e+02 1.577005561719494153e+02 6.659377473164947503e+01
1.256959825677537452e+02 1.317262982748005697e+02 3.579259057712658176e+00
1.014292582600559740e+02 1.731084469904820011e+01 1.450158775378677376e+02
9.878405300557042779e+01 2.950892755261187261e+01 1.451118540774069459e+02
1.816424098750505038e+02 1.973155252956091488e+01 1.686160863344514098e+02
1.388268755305480511e+02 1.017512113214732210e+02 1.152426047617058487e+02
1.679552522590716706e+02 1.859317275360519659e+02 5.919108754531432481e+01
1.156520500854524300e+02 3.818029870928201319e+01 1.657036085329252444e+02
1.600789355195072119e+02 8.178332181205956886e+01 7.060635451934085438e+01
3.593501462829475912e+01 5.057501951014513963e+01 2.565104187256173063e+01
2.481937271132641598e+01 1.805125746912881652e+02 1.279991456968447352e+02
7.253826711432130026e+01 8.359524861699519249e+01 4.059939613618064413e+01
1.061672169524850489e+02 4.103694676847648992e+01 1.309375183779684733e+02
4.228314700816149241e+01 1.901043610377572968e+00 1.152547420716893498e+02
1.893382491981872420e+02 7.175142588046065839e+01 1.110967492166161179e+02
7.158403268458395985e+01 8.551271259646469503e+01 1.355354558958313476e+02
7.877220182483901567e+01 5.305784065356760237e+01 1.503843681166287070e+02
1.985584320645529317e+02 7.314307112337539252e+01 1.376157190217690243e+02
2.511692018144648841e+01 7.515547674660048472e+01 1.207901406772284929e+02
1.769195586076272377e+02 6.953699000585471879e+01 1.375068269613950633e+02
1.014059689467931662e+02 6.750667545206057163e+00 2.317271435799299439e+01
7.562632562186213647e+01 3.549347787502743756e+01 1.149110907644898418e+02
1.790244025773059775e+02 1.890922710206807835e+02 1.506835398803635258e+02
1.213282111741999643e+02 5.057721268773170209e+01 4.917925938472169634e+01
5.573921592829076133e+01 1.362480110630340562e+02 1.684049637283321488e+02
6.578841835735940435e+01 1.623236249813239169e+02 4.566862741011128435e+01
1.549692291349982298e+01 1.975411334087316106e+02 6.809154826926967985e+01
1.441218609200176672e+02 7.911102410390552109e+01 5.194195027473340787e+01
1.390159125205242674e+02 1.262845329768910432e+02 4.368843191123072955e+01
1.123573547860198971e+02 1.302906003267806909e+02 1.791801015511957829e+01
1.852797265951427903e+02 1.191053115358597267e+02 6.531268993244987442e+00
1.434952771889603866e+02 1.888909421702786062e+02 2.570251369563880672e+00
3.812970624636058403e+01 1.605007655550859624e+02 7.323071037558838725e+01
1.482005323554114966e+02 1.742698610749079364e+02 1.072673751194566023e+02
4.852969546969467984e+01 8.538737552099237860e+01 7.272875635747297451e+01
6.511338806049113259e+01 1.585033366574541276e+02 5.260623528982171138e+01
3.035834574901952188e+00 1.709903856066872407e+01 1.588707127317607970e+01
2.788906287686525687e+01 1.500491919062554871e+02 7.090578405001765816e+01
1.489567564876653307e+02 1.263628398642017601e+02 6.824279574357039735e+01
3.801238655251970755e+01 8.805542183174581794e+01 2.158864817696322191e+01
5.048948563219857277e+01 7.868572462210958918e+01 6.111524260588969781e+01
1.432564467662336938e+02 1.780159145512401153e+02 5.096081514817009861e+01
1.700702306810113384e+02 1.595307060645196771e+02 1.752913098776803054e+02
9.692099391157296395e+01 5.190375555760506643e+01 1.745878818609498495e+01
1.104415513709331407e+02 6.286467591880872874e+01 1.059898924399257965e+02
7.846601804779680833e+01 2.331152399664664188e+01 5.750304319915456119e+01
2.432534713216809763e+01 7.120948220731992251e+01 8.542415571400012198e+01
1.686483780145318079e+01 5.796653944013500848e+01 9.494399529204402199e+01
1.689351484321824728e+02 9.552089720525516725e+01 4.585528852602114114e+01
5.770134949484815223e+01 2.099765013122778612e+01 1.924175117347775767e+02
4.882991620379424091e+01 1.018619813584252967e+02 4.531735566800725223e+01
1.044027258389470774e+02 5.473324085849833409e+01 1.312641919992600492e+02
1.985649916252009746e+02 3.164219920505464501e+01 6.456145774080872002e+01
1.441038539588718379e+02 2.336963814795169725e+01 9.912524928128860324e+01
1.047900714204234305e+02 5.682917884622473714e+00 1.306669062260878604e+02
3.923888097524064200e+00 1.981761019380512892e+02 1.372244718889284627e+02
4.760957330217627970e+01 1.353208463049031138e+02 1.414221356279561235e+02
1.703189219465940027e+02 3.421660356833344707e+01 3.113139546878123198e+01
1.458646802698293499e+00 1.375039362555154128e+02 1.087039674610059876e+02
1.014605247178898395e+02 5.853733075207565406e+01 2.771464723667740415e+01
1.623323274244354479e+02 9.062048757747396621e+01 2.380164171429674980e+01
5.712502718117951162e+01 5.134328761246700168e+01 1.169763914170621319e+02
2.700094912196635732e+01 8.737953438866942690e+01 9.664783119027497094e+00
1.406832127340584861e+02 1.233031479575006415e+02 8.635508761962130109e+01
1.878367006393794441e+02 8.925391697053997575e+01 7.714600139445867910e+01
1.394547803273254658e+02 8.363101603333559808e+01 9.011626952792184397e+01
1.443124461113185362e+02 4.850413585130235106e+01 1.827989097427349634e+02
1.161797290705145969e+02 1.856989041149923878e+02 7.962705111091239019e+01
1.640571175600102549e+02 2.617867574041177292e+01 5.301686853053231374e+01
2.074571027907363785e+01 8.614186364243488470e+01 1.238006647846090402e+01
3.128339150259358092e+01 5.388557080400902066e+01 1.218987323957207991e+01
7.878576861956551625e+01 8.271118975289148523e+01 1.852444153334176136e+01
1.643995402968059238e+02 8.396595078561558978e+01 1.276686187152653531e+02
1.561395144016929919e+02 1.623942163037623061e+02 1.863873830091665127e+02
5.280931386789400506e+01 1.526082298335195730e+02 1.608276527854789890e+02
1.860284881394755132e+02 6.164184770268945357e+01 1.611446843109793292e+02
1.210193605528800020e+02 1.192569265201953499e+02 7.292641486600727774e+01
1.354691912709009216e+02 1.935977356793729030e+02 1.025504247464373009e+02
2.260303243631893721e+01 1.336658034187066164e+02 7.214004402847986341e+01
1.010567206588317077e+02 3.575908504620661787e+00 8.960833087744599368e+01
9.280892413626929738e+00 9.671422822711177503e+01 1.337587293934034847e+02
1.769344938289139009e+02 1.499399494684913918e+02 2.032874102476696265e+01
1.038636167037907683e+02 1.236705210872898419e+02 1.387756021315957753e+02
1.632456274923561921e+02 1.049495464042910413e+02 9.785117561102838124e+01
1.279171436007500375e+02 1.335999213371304677e+02 1.234782186633433128e+02
1.147120984799934149e+02 1.645117412860034847e+02 2.067186188053806717e+01
9.155928394184641661e+00 6.562049703000043621e+01 1.562238012422652673e+02
1.038783440468468200e+02 1.352482888222035626e+02 6.291639282931720345e+01
1.813640847690390672e+02 1.978526727413192248e+02 1.610290288354845529e+02
2.323463296063843586e+01 1.593367346533640649e+01 1.249679442266746747e+02
1.620924338501622231e+02 1.570571140079033228e+02 5.029494647870478019e+01
1.738673364301318998e+02 3.479740830948419017e+01 7.043208553626098478e+01
8.608874852365859454e+01 1.334720829359267498e+02 1.388369005007027113e+02
8.319773923564540041e+01 4.772738822688782356e+00 6.661402715438539701e+01
8.526441622525014452e+01 1.651054473317230702e+02 7.076424739698651933e+01
6.125133114316654570e+01 3.615102536453424875e+01 1.156773255384773336e+02
3.073671707061216196e+01 1.466451368240283557e+02 2.606209307699189992e+01
6.660955440916427506e+01 1.090468800579067192e+02 3.225103757256264636e+00
7.502232301017181726e+01 1.025099812294072450e+02 3.399623993326397198e+01
1.983735809993414136e+02 9.942504271611385036e+01 1.873936815594146879e+02
4.565649477537996148e+01 6.639472442568710164e+01 3.732989367405454573e+01
1.057939430916747803e+01 1.969480245952603639e+02 4.105440835578089320e+01
7.348156111324941264e+01 8.551018588837577283e+01 1.385535161204133203e+02
1.977428363512475471e+02 1.970496711992542060e+01 4.004924085348950769e+01
1.007704120637478127e+02 1.976629100162701036e+01 4.128043989961596338e+01
1.391902006085914536e+02 5.346110402345030366e+01 1.683021418281656452e+02
3.495231809766496944e+00 1.546343847690780535e+02 1.152794180295463349e+02
1.282425279520543029e+02 1.731271172721421863e+02 1.956922417191705392e+02
1.487059537801735019e+02 6.061124529472117217e+00 3.035919427479623067e+01
1.142047974139181292e+02 1.498956903028922909e+02 1.181478927255422633e+02
1.862499279403640742e+02 8.040913981534659172e+01 3.139080654481050203e+01
1.254903220800921417e+02 8.486606102460361001e+01 8.226322182170761721e+01
1.440863895493162872e+01 1.648246843371887849e+02 1.449242815424824755e+02
1.736228485488286140e+02 1.746275096445542658e+02 1.601418857766425674e+02
1.265219882469247352e+02 1.001647050757616313e+02 8.571311940573545485e+01
9.800440119492282065e+01 6.232715887752648953e+00 1.661648656670315916e+01
8.389483483364590199e+01 1.810490028503185727e+02 1.428487235211790676e+02
1.977416213947481367e+02 5.665765435268698980e+01 8.197878392557804261e+01
4.669448193503609446e+01 2.391945901758101201e+01 3.062908742026804276e+01
1.278077626350236073e+02 1.612117468299412053e+02 3.475799874490419228e+01
8.370421103717401934e+01 4.948239334882333651e+01 1.436186325682000131e+02
7.376224951647162698e+01 1.173370421986972474e+02 1.421138807822255323e+01
1.302902385021900500e+02 1.069318050082447513e+02 3.922809575307044838e+01
6.834790204030581151e+01 3.609673132200084211e+01 7.722300037807848128e+01
1.236713021235747618e+02 3.171855350917063276e+00 3.984072084304683870e+01
5.447290269444005162e+01 1.465323937213557883e+02 1.497292979024438750e+02
7.308530974990203788e+01 5.768552084945544323e+01 1.120067423653861027e+01
1.771312348818674707e+02 1.517963524264410182e+02 3.136335648901902218e+01
1.777693655939990833e+02 5.686289117117069480e+01 1.782183591380394887e+02
6.892673294050854338e+01 6.659325205174886264e+01 1.752146614249408287e+02
9.927605549553808828e+01 1.025005321476728994e+02 1.360735539277214627e+02
3.702802324406984269e+01 4.072152740668850868e+01 1.697629409624993571e+02
3.724714505072759607e+01 7.258511682573268331e+01 1.554236956314721283e+02
1.083853876208621898e+02 1.324003705694063342e+02 7.738994969342418528e+01
1.610274694699683664e+02 6.207764944745120061e+01 6.918983752597516457e+01
1.603636099127394914e+02 1.003303381783816235e+02 4.000331880274912066e+01
7.456286556424163159e+00 7.207042735875091033e+00 1.188978610402242566e+02
1.623980676824909608e+02 1.830301316225358619e+02 8.868384898046923581e+01
1.277527415362927456e+02 5.446988932496577007e+01 1.898726476295288990e+02
1.554452284411483731e+02 1.646926898304040208e+02 1.655276648056292288e+02
1.199898757555638582e+02 2.940306132562522379e+01 1.815113240067560696e+01
9.741057213134918413e+01 4.203789732772422738e+00 8.675847926974435609e+01
1.638868799748973117e+02 1.566964372485083175e+02 1.265585616773673365e+02
1.952632586860607589e+01 8.861118490907955447e+01 3.848088698705720390e+01
4.973187486303341132e+01 1.625683170517883127e+02 1.447957196206808419e+02
1.210691353396434522e+02 1.360197538689432406e+02 4.283267291226178486e+01
9.175467902087500249e+01 1.803509085658887443e+02 1.614149916304219801e+02
1.747092937893094131e+02 3.926457792322626261e+01 8.941507473494925762e+01
1.771381804414716896e+02 8.963239656454797455e+01 9.436198439520862280e+01
5.213092284188629577e+01 1.064197598293888234e+02 1.233281306654694873e+02
1.526848779985827775e+01 1.574150769877846869e+02 2.518885388636555689e+01
9.906756514170929506e+01 9.808446127625349220e+01 1.242120438959650244e+02
1.458158587752795086e+02 1.573908131321947792e+02 1.661397803263990909e+02
1.817028449875754177e+02 1.839110874493600249e+02 1.783880218205535186e+02
4.925897096222606564e+01 1.960884096926813669e+01 1.011745840222060906e+02
1.998444723330490547e+02 6.395084159733737295e+01 1.758424527184447470e+02
8.718388668588208645e+01 1.926434826814468408e+02 1.609350537085112762e+02
6.712691632007896203e+01 1.567280707421332409e+01 1.072022760381823048e+02
1.767921370509076837e+02 4.479069492865448154e+01 1.631267885588004845e+02
3.125094870189324325e+01 1.914185913029592143e+02 3.800424007248641800e+01
4.085875259321349517e+01 1.330458431462255362e+02 1.141577974551382511e+02
8.957823529085371206e+01 8.344410287942507409e+01 5.578733481421647156e+01
5.792342874990197288e+01 1.528221589831981646e+02 8.988919203847490280e+01
1.760380357382928480e+02 1.262596037239495104e+02 9.976544446473431549e+01
1.123573710439681292e+02 1.660989441342103419e+02 1.667634418884047705e+02
5.145334680425690266e+01 7.968341739985844185e+01 1.468269782509201704e+00
1.468141972293568465e+01 1.223942102638577722e+01 1.560251490077987455e+02
1.986918397264060445e+02 8.554821521831200926e+00 1.511559158620671610e+02
9.980188758882823663e+01 7.161220057420621288e+01 1.076922397551299184e+02
7.851036018643624459e+01 1.697033600365490713e+02 1.819779638660601506e+02
1.759893932947389317e+02 3.103992172885931922e+01 1.222353659488416184e+02
2.821359255481070605e+01 1.064268003697382881e+02 1.958828303286340144e+02
5.304258118836298053e+01 5.973398067367667608e+01 1.285824764641162972e+02
9.552167484272852960e+01 1.570631117167947366e+02 1.463869454422209628e+02
1.982847296153696561e+02 8.135960112501278729e+01 1.343200164357985500e+02
4.971548351471515304e+01 1.260946380039581953e+02 1.457432017090744978e+02
1.607029949654300651e+02 1.740895842617309341e+01 1.815829285428064566e+02
1.658802464854818197e+02 1.686974385372639915e+02 6.724932159951668709e+00
1.451782294360488663e+02 1.061436103031843601e+02 1.061896742046896378e+02
6.018648339453018536e+01 1.891424175063339419e+02 6.498946015767814721e+00
8.942892583212862689e+01 5.843220973559037645e+01 7.433044341275683564e+01
8.580532625633124155e+01 1.756617224103102970e+01 6.834028434860610446e+01
6.559589787853509790e+01 1.355699322778504836e+02 3.210451585509976979e+01
9.708818003162523524e+00 3.307560877797244281e+00 7.560126596683289790e+01
5.285321425634688097e+01 1.646622328490170730e+02 1.986609770408205975e+02
1.182170514752736210e+02 1.564718012496030894e+02 1.216314076290183621e+01
7.181354255547520893e+01 1.949325264438856777e+02 1.273795610549301074e+02
1.170557837003586741e+02 1.489434094580487908e+02 3.560795636427105393e+00
9.778800827422229247e+01 1.403854352357851383e+02 1.987163061114384561e+02
9.370425844616399047e+01 9.342217792901885787e+01 9.878439785365564774e+01
1.232310550088516266e+02 1.851095638844201119e+02 1.710452592196180603e+02
2.031656087361837137e+01 2.647252438579106126e+01 6.155478752258349573e+01
7.319237385491510395e+01 8.192305379422684553e+01 1.641111468282057899e+02
6.556921868898103867e+01 8.905064134137118970e+01 1.804599425678399598e+02
1.380348790100929364e+02 5.372523448063513030e+01 1.201799459822647407e+02
5.695709212222377005e+01 1.690567673107770474e+02 9.541984956865157130e+01
1.294100655807051794e+02 1.997480595618477039e+01 1.059393980643870066e+02
9.900665106566790996e+01 1.597038594320614209e+02 1.908358859062069257e+01
6.383968635808665226e+01 1.772166572205520652e+02 8.275051583229711127e+01
1.702913377120705150e+02 6.917694472008051321e+01 1.048655076891897409e+02
1.866646929899582972e+02 7.037251595742510801e+00 1.966145537335037545e+02
7.535705377220054402e+01 1.116223065634884648e+02 3.446448151794547954e+01
1.909198488000729128e+02 6.319207560730642115e+01 7.551949997837050432e+01
1.954879618033527890e+02 1.611461415042756471e+02 5.824446147544908570e+01
8.885863051455906714e+01 1.306979658060967608e+02 9.848291569890221808e+00
1.376043853228593150e+02 8.876962604287493264e+01 9.160267302530871802e+01
1.814415678832432377e+02 3.530931007240387487e+01 6.158340913190074417e+01
9.877608126578331849e+01 1.142975137735526800e+02 7.276344073077342500e+01
5.348957755882945975e+01 8.442179215858531904e+01 4.110205958038483942e+01
1.719120668222486472e+02 1.273052301417092380e+01 1.529347828901020137e+02
7.451103080188050853e+01 1.324459874770908527e+02 1.517585804674282599e+02
1.290930173594535688e+02 8.039280891938919638e+01 3.355939816580928436e+01
9.618281312600890942e+01 1.550206808828727105e+02 1.717794608608380429e+02
9.138882749080813994e+01 1.481029778469163602e+02 1.727125245771643165e+02
4.027693877393117106e+01 7.157037144649231664e+01 3.930686766199053750e+01
1.923614080691240815e+02 1.718595918252539718e+02 1.015099075360150849e+01
1.281777692511037117e+02 2.363768303748616972e+01 1.244804660778539471e+02
1.228364446654440059e+02 1.566031476276694718e+02 5.364286870674288821e+01
1.575464470977774454e+02 1.470337839144199563e+02 1.893001489845936760e+02
3.488432121964346599e+00 1.744497824347503183e+02 1.932507954302083419e+02
7.156039733764086463e+01 1.213174622398883713e+02 1.441847087383955284e+02
1.639056242271185795e+02 3.467743243057872604e+01 1.798682383989624967e+01
1.841156844088900471e+02 4.985905973494944021e+01 1.691438025341669515e+02
1.943557597607520506e+02 7.021043244201040068e+01 7.460788375499127767e+01
1.310194461380185942e+02 2.750916704238295551e+01 2.706883436466929282e+01
3.709174860087438219e+01 1.418817836365811615e+02 1.024935887226101840e+02
1.197338893464673646e+02 1.968861181022661526e+02 1.042237196991672192e+02
1.950561719984426645e+02 1.218125606923061639e+02 1.305611624307252328e+02
1.167263803273377221e+01 1.563992704978960262e+02 6.843819457665551909e+01
1.988085524885646009e+02 1.299520880481604479e+02 1.498907265823568125e+01
4.295758983914139861e+01 8.680403950505333910e+01 1.827206672048188523e+02
1.483897484962681901e+01 4.802746646580917655e+01 5.225706148927107364e+01
1.254916329389205174e+02 2.939904411639586712e+01 1.669020413035447916e+02
1.631234736228942666e+02 1.416799837378124778e+02 1.123692592004653648e+02
1.529280209959023580e+02 3.198790820229797660e+01 5.150741097210822517e+01
1.422617691413944954e+02 3.759993882458276460e+01 1.588999918456925400e+02
4.384669837878145415e+01 7.059169638884416997e+01 1.859040761173730800e+02
1.339529361271009691e+02 1.986140860746976671e+02 8.021267274916887402e+01
1.107690700668467372e+02 1.684863103432629146e+02 8.622507448365701066e+01
1.777512401688081809e+02 5.313162162240010389e+01 1.699503474045690155e+02
1.849713970507818601e+02 1.631424157482024668e+02 1.377182328495163119e+02
6.776115498915435964e-01 1.099539424232786331e+02 1.745137540284028717e+02
1.976281183857420274e+02 1.815879076757784389e+02 9.958318278243787347e+01
