   4.7107089936082125E-004
   1.1734479025488309E-004
   3.5754797210216693E-004
   3.1813480208419699E-004
   6.9675380000569162E-004
   4.7107089936082121E-008
   1.1734479025488308E-008
   3.5754797210216693E-008
   3.1813480208419699E-008
   6.9675380000569162E-008
   4.7107089936082132E-006
   1.1734479025488310E-006
   3.5754797210216696E-006
   3.1813480208419699E-006
   6.9675380000569168E-006
   4.2646034508932041E-006
   8.5418292218111638E-006
   3.4322893096420741E-006
   6.9754618540855701E-006
   5.7090264858892204E-006
   3.6934601008972349E-006
   3.6584274529092522E-006
   2.4703841579308343E-006
   8.1855922566341692E-006
   4.8537277058577867E-006
   5.1852406712776692E-007
   5.1831660694819417E-006
   8.0132196716714300E-006
   3.9691148679374872E-006
   7.0538842967387255E-006
   1.3813129163530470E-006
   9.2672173271006290E-006
   1.7042939824115789E-006
   9.3785308019180231E-006
   2.8246759780116260E-007
   9.3402091856761429E-006
   2.6738545106704506E-006
   3.3887619652274627E-006
   1.2716214781484360E-006
   3.1300897404191267E-006
   2.5932160037276120E-006
   8.9781735169153588E-006
   4.4307945771984676E-006
   3.0357326911046815E-006
   4.7057217460270767E-006
   9.1888685615387477E-006
   1.3674140578661999E-006
   2.0898016957168522E-006
   8.3133097492563700E-006
   8.1930838386368430E-006
   5.0761544134895837E-006
   9.6316690786857319E-006
   7.3265410239880617E-006
   8.0282246083863469E-006
   1.7840082668643953E-006
   8.7402085917097983E-007
   5.0021478344850869E-006
   6.9080963589020322E-006
   3.6461563934505928E-006
   2.8079367396118341E-006
   6.4561942747179404E-006
   2.0143276334222562E-006
   7.2282413910517550E-006
   4.2803612481228009E-006
   9.8791262118408863E-006
   1.0651141027935296E-008
   2.1266859661958340E-006
   4.7254708764414140E-006
   6.7960239791661172E-006
   2.5361974009558710E-006
   8.3022917885344452E-006
   3.9304102414302272E-007
   4.6287756683245075E-006
   4.8818348901487870E-006
   5.4217534412207837E-006
   9.2515623629987977E-006
   5.6776909044188313E-008
   8.5143283852193907E-006
   8.4916543326313185E-006
   2.6803664649533946E-006
   3.8619825277037558E-007
   4.1645240139124852E-007
   4.7076790048846678E-006
   3.7400607062400029E-006
   6.5903674693304497E-007
   7.0511416830091020E-006
   7.1970472254075054E-006
   8.3779145190230263E-006
   4.4720525973186892E-006
   5.3527028821450744E-006
   3.2469611963900162E-006
   2.7474685177806738E-006
   2.8766396048376057E-006
   3.0832590779442896E-007
   1.1970794212078929E-006
   9.8875410686779822E-006
   3.8833096533945047E-006
   6.5493531824651745E-006
   4.8669577823889157E-006
   3.0536887907279188E-006
   1.5453212737038092E-006
   4.2010386366569512E-006
   3.4608479854625175E-006
   5.5863755844856395E-006
   3.1626318255858814E-006
   8.9535689383160287E-006
   2.7295097461499133E-006
   6.5761403856116881E-006
   9.9777710552222946E-006
   5.7483205746228453E-006
   7.2938932476699272E-006
   1.8975608710106486E-006
   9.0217837038189077E-006
   9.2351027820514674E-006
   2.6491154807706522E-006
   1.5921008779667090E-006
   8.6057966599747186E-006
   3.7446440900687352E-006
   3.4272640538904732E-006
   2.0533004904915601E-006
   9.2668744161565381E-006
   5.7347639398840740E-006
   2.1537537756204565E-006
   4.9515420151455622E-006
   2.5237493063925278E-006
   8.7662988099822665E-006
   6.5819974241574931E-007
   9.2929324306096999E-006
   3.4693265321361314E-006
   4.5904275891192394E-007
   4.3467474285524594E-006
   5.6775174141423421E-007
   4.2394412605675084E-006
   6.9012994065703607E-008
   6.2566316036101626E-006
   3.7163201120581581E-007
   5.4155288561946149E-006
   1.8786819174573623E-006
   8.4967241033663055E-006
   2.6961279691572182E-006
   1.7416078313976980E-006
   2.1226880367527847E-006
   5.6985152337693010E-006
   4.5338244070194161E-007
   8.1224288329971305E-006
   1.2583441000010966E-007
   4.0920562284569457E-006
   7.6329426691450179E-006
   1.7160963129884001E-006
   6.6076648110477140E-006
   1.0731735278990562E-006
   6.1073303601923391E-006
   1.8860699966918250E-006
   7.1975926015998006E-007
   4.3303800633873823E-006
   2.7581618400452237E-006
   6.0028583379676688E-006
   7.7027018498727923E-006
   3.6999785309263525E-006
   7.4314767294185678E-006
   1.4088729129277634E-006
   6.8721711355692943E-006
   5.6081301435941245E-006
   1.8073198064823138E-006
   3.2030269920557565E-006
   4.6370278037429165E-006
   3.2322542793190805E-006
   8.0124486124572907E-007
   4.1995613708513501E-006
   3.4756871649772262E-006
   8.0509458007326399E-006
   6.5522790234765574E-006
   2.5617201839219564E-007
   9.6199052717720368E-006
   5.1882924569606104E-006
   4.4263082100511957E-006
   7.7019916315718217E-006
   7.9953275316002850E-006
   2.4508656586831879E-007
   1.9660391811454640E-006
   1.1556395663871900E-007
   7.2925513202755867E-007
   8.6334898352408556E-006
   9.1764148916426310E-006
   1.9877147326789627E-006
   6.6911730452935485E-006
   4.8461832878537443E-006
   9.5998598209927511E-007
   6.5297643919457324E-006
   3.3382674828396801E-006
