   4.7107089936082125E-004
   1.1734479025488309E-004
   3.5754797210216693E-004
   3.1813480208419699E-004
   6.9675380000569162E-004
   4.7107089936082121E-008
   1.1734479025488308E-008
   3.5754797210216693E-008
   3.1813480208419699E-008
   6.9675380000569162E-008
   3.4322893096420741E-006
   6.9754618540855701E-006
   5.7090264858892204E-006
   3.6934601008972349E-006
   3.6584274529092522E-006
   8.1855922566341692E-006
   4.8537277058577867E-006
   5.1852406712776692E-007
   5.1831660694819417E-006
   8.0132196716714300E-006
   7.0538842967387255E-006
   1.3813129163530470E-006
   9.2672173271006290E-006
   1.7042939824115789E-006
   9.3785308019180231E-006
   9.3402091856761429E-006
   2.6738545106704506E-006
   3.3887619652274627E-006
   1.2716214781484360E-006
   3.1300897404191267E-006
   8.9781735169153588E-006
   4.4307945771984676E-006
   3.0357326911046815E-006
   4.7057217460270767E-006
   9.1888685615387477E-006
   8.0282246083863469E-006
   1.7840082668643953E-006
   8.7402085917097983E-007
   5.0021478344850869E-006
   6.9080963589020322E-006
   2.8079367396118341E-006
   6.4561942747179404E-006
   2.0143276334222562E-006
   7.2282413910517550E-006
   4.2803612481228009E-006
   1.0651141027935296E-008
   2.1266859661958340E-006
   4.7254708764414140E-006
   6.7960239791661172E-006
   2.5361974009558710E-006
   3.9304102414302272E-007
   4.6287756683245075E-006
   4.8818348901487870E-006
   5.4217534412207837E-006
   9.2515623629987977E-006
   8.5143283852193907E-006
   8.4916543326313185E-006
   2.6803664649533946E-006
   3.8619825277037558E-007
   4.1645240139124852E-007
   5.3527028821450744E-006
   3.2469611963900162E-006
   2.7474685177806738E-006
   2.8766396048376057E-006
   3.0832590779442896E-007
   9.8875410686779822E-006
   3.8833096533945047E-006
   6.5493531824651745E-006
   4.8669577823889157E-006
   3.0536887907279188E-006
   4.2010386366569512E-006
   3.4608479854625175E-006
   5.5863755844856395E-006
   3.1626318255858814E-006
   8.9535689383160287E-006
   6.5761403856116881E-006
   9.9777710552222946E-006
   5.7483205746228453E-006
   7.2938932476699272E-006
   1.8975608710106486E-006
   9.2351027820514674E-006
   2.6491154807706522E-006
   1.5921008779667090E-006
   8.6057966599747186E-006
   3.7446440900687352E-006
   8.7662988099822665E-006
   6.5819974241574931E-007
   9.2929324306096999E-006
   3.4693265321361314E-006
   4.5904275891192394E-007
   5.6775174141423421E-007
   4.2394412605675084E-006
   6.9012994065703607E-008
   6.2566316036101626E-006
   3.7163201120581581E-007
   1.8786819174573623E-006
   8.4967241033663055E-006
   2.6961279691572182E-006
   1.7416078313976980E-006
   2.1226880367527847E-006
   4.5338244070194161E-007
   8.1224288329971305E-006
   1.2583441000010966E-007
   4.0920562284569457E-006
   7.6329426691450179E-006
   6.6076648110477140E-006
   1.0731735278990562E-006
   6.1073303601923391E-006
   1.8860699966918250E-006
   7.1975926015998006E-007
   6.8721711355692943E-006
   5.6081301435941245E-006
   1.8073198064823138E-006
   3.2030269920557565E-006
   4.6370278037429165E-006
   8.0124486124572907E-007
   4.1995613708513501E-006
   3.4756871649772262E-006
   8.0509458007326399E-006
   6.5522790234765574E-006
   9.6199052717720368E-006
   5.1882924569606104E-006
   4.4263082100511957E-006
   7.7019916315718217E-006
   7.9953275316002850E-006
   1.9660391811454640E-006
   1.1556395663871900E-007
   7.2925513202755867E-007
   8.6334898352408556E-006
   9.1764148916426310E-006
   6.6911730452935485E-006
   4.8461832878537443E-006
   9.5998598209927511E-007
   6.5297643919457324E-006
   3.3382674828396801E-006
   2.1470924036132623E-006
   8.8211617238327347E-006
   5.2716457263083544E-006
   6.8881507160486730E-006
   3.0561586993413626E-006
   9.9056678698256946E-006
   7.9463311803198588E-006
   5.1831686319353133E-006
   8.2256337617059838E-006
   1.9240358430525620E-006
   8.4753375583306775E-006
   7.1936192205316367E-006
   3.3918338802167370E-006
   1.2905767459500207E-006
   7.5281621970489112E-006
   2.2122923833237741E-006
   7.7614354308813529E-006
   4.1614475853883898E-006
   8.5036600804519213E-006
   2.4987303115094565E-007
   1.2311783444282410E-006
   4.3933911060159918E-006
   9.7024813994546786E-006
   4.4590121260581168E-006
   1.6335850567541500E-006
   5.9649244369617832E-007
   6.1201026056940337E-007
   7.4853729998439442E-006
   5.0600912174293041E-006
   2.7255819526353399E-006
   1.4215965228411642E-006
   9.7884335122164506E-006
   2.6820607301194102E-006
   9.3440711101772464E-006
   7.4365300915620062E-006
   9.2888697326872487E-006
   4.7916106213613335E-006
   2.6373735460162985E-006
   3.6164373569987609E-006
   1.7238452556617725E-006
   2.1336502239386412E-006
   3.8421864748963126E-006
   5.6779742564259207E-006
   1.3007671573054048E-006
   2.4877906781527903E-006
   6.5466261265971966E-006
   9.4705960839120536E-006
   7.4943583639177683E-006
   4.6729538330085988E-006
   6.8424762992843149E-006
   7.4066347457883273E-006
   9.5711273457649725E-006
   9.8751337648048810E-006
   5.4034072577735666E-006
   7.8488630011203323E-006
   8.8668458846582551E-006
   1.6753682155565765E-006
   2.3492418917994343E-006
   1.6072421320941479E-006
   9.9730332532416325E-006
   9.4293990164209319E-006
   8.5786998873232962E-006
   8.0167629631948003E-006
   4.1528134932671270E-008
   5.8536686255071749E-006
   9.7940668217482297E-006
   3.4568838540586625E-006
   8.8830849834772234E-006
   4.0617230137762616E-006
   8.9092811238552202E-006
   6.1260399811390646E-006
   6.4364166314542788E-006
   8.3577791604662015E-006
   9.5735890038188523E-006
   6.9549554817249781E-008
   2.5876591577206554E-006
   2.1056421237099854E-006
   6.3031497968762332E-006
   7.2530039318275781E-006
   3.0824909535908942E-006
   5.5798118841099312E-006
   8.5685502329479496E-006
   4.3548244933106222E-006
   2.9476121287621352E-006
   8.0064796094441557E-006
   8.0179169392501073E-006
   7.4121643549080100E-006
   6.9677723073585737E-006
   6.4730088550863103E-006
   1.4643807550873478E-006
   6.9875455169783247E-006
   2.9220313292350654E-006
   8.1920611535312833E-007
   5.1092435844601988E-006
   1.4117169620739435E-006
   2.6114634387061346E-006
   6.2502145309488072E-006
   8.2414956266183235E-007
   1.6989634112870924E-006
   6.9163231634036845E-006
   5.9855486604178359E-006
   9.6213647458493329E-006
   7.6901164105689705E-007
   6.9828784852540924E-006
   8.4007551004112864E-006
   7.1871976549804277E-006
   3.1443314579486983E-006
   2.7049139924710863E-006
   2.4551632352758481E-006
   4.4319108212989790E-006
   7.3221458354131411E-007
   9.7581691743915488E-006
   8.3088933725356665E-006
   4.1243971205565112E-006
   4.8727533373002145E-006
   6.4542388633113676E-006
   1.4131968384385075E-006
   4.5597263389556965E-006
   3.2495487461874640E-006
   6.3579329131857670E-006
   1.5902503444944728E-006
   1.1665741417061117E-007
   1.3034697366008397E-006
   1.0111475074454601E-006
   4.4430436524002764E-006
   6.5193698821044862E-006
   6.1482313738382069E-006
   1.1018120846688985E-006
   8.1392522621615715E-006
   2.1141354802198844E-006
   1.8185441265292093E-006
   7.0286836935569023E-006
   6.4334736478863998E-006
   2.8441079813898254E-006
   5.4476384023351865E-006
   3.1054834325132120E-007
   3.8210964878851242E-006
   5.9037515812345194E-006
   2.3174686286700132E-006
   1.8614261606145445E-006
   9.3167693370933180E-006
   2.2029222128113159E-006
   4.2923268075947221E-006
   6.5901041091479434E-007
   4.9343920043145524E-006
   5.8188027633112042E-006
   3.4954640642238212E-006
   2.0327320845174714E-006
   3.7563342659519164E-006
   4.2293741814419894E-006
   7.1912007354129528E-006
   4.6439723519071521E-006
   4.4162525823315682E-006
   1.0015315334899677E-006
   7.6846587049407034E-006
   2.0740471362235805E-006
   7.9341917190575158E-007
   1.4981874761044423E-006
   1.4086030732149160E-006
   6.3295593385373713E-006
   2.2280528393357215E-006
   5.4441045531281290E-006
   9.1285786521128165E-006
   7.6508233893637148E-006
   1.3720058190188535E-006
   7.5526858374867220E-006
   6.8227749057264477E-007
   4.9003762735521456E-006
   6.2217941385036517E-006
   9.2119971979416092E-006
   2.3058997093825641E-007
   6.1093717461052296E-006
   7.9220619093335316E-006
   7.9302861734307610E-006
   7.9404693130767433E-006
   7.3415807350903177E-006
   7.1791956480965729E-006
   5.8612335174691540E-006
   7.4495611328806270E-006
   8.8913751041091356E-006
   3.0207312579973046E-006
   4.5758541313740212E-006
   4.0280255763489096E-006
   3.9479653013089425E-007
   2.9424347284904064E-006
   5.7030611614821766E-006
   7.2407458450613533E-006
   6.6811109421482286E-006
   2.0963536820871545E-006
   2.1882603457290708E-006
   9.1853464815623413E-006
   1.4646224738664472E-006
   3.5659476383331726E-006
   9.9297289599346218E-006
   7.5050908858094537E-006
   5.4828749299534386E-006
   4.0954357667561397E-006
   6.2502304506433063E-006
   4.0561906404871678E-007
   1.7746772528998924E-007
   8.4647312247123575E-006
   6.9303175309768698E-006
   2.3198166070162732E-006
   3.9278379171194834E-006
   8.4747625176460778E-006
   2.5233481940069526E-006
   2.4629510762943308E-006
   8.6287648595744044E-006
   6.5579340270033100E-007
   6.9281244186382047E-006
   8.1076948739910911E-006
   3.1279349601389121E-006
   6.4749258884428165E-006
   1.4206970407339416E-006
   6.7516151386178279E-006
   5.2639487108979502E-006
   3.6705951748748136E-006
   4.2892754262151677E-006
   4.1934860793496178E-007
   8.2605024344381491E-006
   7.0157369943310041E-006
   4.3857381631390606E-006
   1.7500434418612511E-006
   9.1116052713451256E-006
   5.5184817650060753E-006
   1.3896070611666534E-006
   1.7092126136549492E-006
   8.2569203929582356E-006
   1.7972223946802846E-006
   5.9810911256113826E-006
   8.1308111061466828E-006
   4.6016702067046518E-006
   9.2083252140628064E-006
   1.3688267976915836E-006
   6.6641188188803389E-006
   9.7751378494659615E-006
   4.7797661330075549E-006
   1.9949437430821551E-006
   6.1204453752567364E-006
   6.8018672566254541E-006
   8.4314508495841939E-006
   3.2469779067809158E-006
   1.3800343794834258E-006
   2.3376741489602663E-006
   3.8565933932378338E-006
   4.7825482879772912E-006
   7.2647923189680271E-006
   1.4793931150084018E-006
   2.8849568217425250E-006
   4.0717399346220929E-006
   3.7092505367835207E-006
   2.1921470869513549E-006
   5.6702780395655133E-006
   5.5662996267948240E-006
   2.1693964822983306E-006
   9.1017685202695225E-006
   5.0149124958578777E-006
   2.9224793513132397E-006
   2.0977285577082974E-006
   9.0928016027554417E-006
   7.2716075051055678E-006
   1.2626623010888029E-006
   6.6449383590433073E-007
   8.3285210433376944E-006
   5.1110338579068963E-006
   1.3696070852155885E-006
   3.0548085163653083E-006
   1.5279291063412227E-006
   8.8626809636765222E-006
   5.1025781464889339E-006
   3.0814972922931708E-006
   2.8221053369720731E-006
   6.3526787932251454E-006
   1.4412221988209563E-006
   7.8291796684353121E-006
   3.5201188527664532E-006
   6.9136632893321433E-006
   1.7051588150521658E-006
   8.9218048226862820E-006
   5.9199714907871322E-006
   6.4533361772453261E-006
   7.4654228341951049E-006
   6.3119143526271627E-006
   9.5410567978127187E-006
   2.5761378938737979E-007
   9.2451871848932844E-006
   7.3432798150616621E-006
   2.2719344293257516E-006
   8.7441905652593814E-006
   3.8269184080218420E-006
   2.3041828077598795E-006
   9.5226503335866445E-006
   3.9835786659719596E-006
   8.1948240279883798E-006
   1.6190771372773894E-006
   6.5098609795497889E-006
   7.1894751289390824E-008
   8.6676120648817015E-006
   8.0356617068274680E-006
   7.2803510882423364E-006
   9.3802020430725106E-006
   7.7421618244391093E-006
   8.9996420942488742E-006
   3.1463253304570141E-006
   3.2687591639620619E-006
   6.4958342357222357E-006
   9.5186252820914489E-006
   7.6518095003100796E-006
   3.2812681864244242E-007
   9.1562890889687178E-006
   8.0620348877191582E-006
   1.6782210532972575E-007
   3.2571291016199368E-006
   2.3736398566310537E-006
   1.7016508496239891E-006
   6.1617122533147287E-006
   7.1484531810520677E-006
   9.5497968190890952E-006
   8.2340408908746413E-006
   5.8704101296757954E-006
   9.3837407263787899E-006
   7.2295545278004454E-006
   2.9070689091327020E-006
   9.6073295570431147E-006
   2.8602787183258172E-006
   7.7175105697898607E-006
   4.2489019964479874E-006
   8.2532265919616471E-006
   2.8038391163108558E-006
   4.6679871676240708E-006
   8.2258827833684375E-006
   4.7323995047753101E-006
   7.7694070407929929E-006
   5.8800097387830701E-006
   9.7763354774013993E-007
   3.8050773452382841E-007
   3.6288606868416708E-006
   5.7665411023096473E-006
   7.2936819781210018E-006
   7.5728515196123091E-006
   3.2918829668373264E-006
   2.8807781501643682E-006
   2.3991267616282710E-006
   2.1011887257152587E-006
   4.8791580977329560E-006
   9.3185350920641632E-006
   6.1813531942559649E-006
   5.1232563881662119E-006
   5.1807841203848634E-006
   5.7139457032909507E-006
   2.2170266764376936E-006
   2.3356418926271030E-006
   1.8011678022604884E-006
   9.2100937238280369E-006
   4.1152943125626077E-006
   3.1813647145382630E-006
   9.4722110615235561E-006
   6.6386567064107567E-006
   5.6801030565481600E-006
   6.0212964458227239E-006
   9.2307385628462531E-006
   9.0716788490252633E-006
   5.2593673365604233E-006
   9.3203434061147718E-006
   5.9363305760960832E-007
   2.8126977989834692E-006
   8.2414758692229325E-006
   2.7334699321976242E-006
   2.8058911457102956E-006
   7.9727789587638969E-006
   4.2649145238949884E-006
   4.2317227749571857E-006
   5.0721716921555251E-006
   1.6703056744866219E-006
   3.3222465510053716E-006
   4.9481395800683938E-006
   5.5432647885081415E-006
   1.1479965505291358E-006
   9.5176829741217779E-007
   3.5176711526672190E-006
   3.1299014912162051E-006
   2.9980591890211972E-006
   7.3516784769216876E-006
   9.0548875247421690E-006
   4.2908830526258216E-006
   6.4553073295146899E-006
   2.4698222954374739E-007
   8.0447821265135427E-006
   9.9957528908258199E-006
   9.7875338493318533E-006
   8.7944091592383499E-006
   5.3915503615560094E-006
   4.1195470246451095E-007
   9.1116702812983235E-007
   9.7916822375035039E-006
   2.5820890208911009E-006
   2.5652924144170977E-006
   4.1330712253845415E-006
   2.8010198437469162E-006
   1.2334688713102161E-006
   6.9957488343259771E-007
   1.0692315314445301E-006
   6.1491945482560568E-006
   3.6833248487244210E-006
   3.8429670710544430E-006
   1.0727027019526682E-006
   1.7571777123010169E-007
   5.6160677511581427E-006
   8.5900360682434126E-006
   3.3195927064466061E-006
   4.9485007898054093E-006
   6.9060919658316942E-006
   7.1556682038077009E-006
   8.1382556329416546E-006
   1.2296450155594618E-006
   9.0656903683155766E-006
   6.9059410698403219E-006
   9.5522458033691963E-006
   7.5523545819834385E-006
   8.4361944144224205E-006
   2.0301530037840844E-006
   5.4974740557041274E-006
   7.9824777762066499E-006
   2.9864196608947650E-006
   5.4079306219120050E-006
   8.0353847284950897E-006
   8.8266542396942208E-007
   9.7217005981712610E-006
   1.0970499359459641E-006
   5.7935288853447345E-007
   6.7847012962133719E-006
   5.0347323374549110E-006
   2.5437864364323083E-006
   5.3258023085156840E-006
   8.3822906283691646E-006
   7.0322476744309002E-006
   4.6858139485818891E-006
   7.3808599108874224E-006
   1.4170854674197466E-006
   8.7367866408382490E-006
   3.1925302261879177E-007
   2.1233633762369765E-006
   6.4131473584731955E-006
   2.8565127889766462E-006
   1.4142656136639843E-006
   6.7748715139604748E-006
   6.2762670399471801E-006
   6.5449681844295607E-006
   2.5210057620847694E-006
   5.0457993714846989E-006
   8.6174091869786144E-006
   8.6170920806065731E-006
   9.4068476564332628E-006
   4.8587286174710516E-006
   9.1579112007577565E-006
   1.0968888222089414E-006
   1.6558222738749553E-006
   8.4890120975622906E-006
   3.3344374623189633E-006
   1.7749536724856121E-006
   7.5647029474941182E-008
   4.5964289049907681E-006
   9.7700328745461568E-006
   8.3196969788377080E-006
   2.8036763959393811E-006
   9.3610024976622848E-006
   8.2968680751815544E-006
   7.1614603714475151E-007
   8.9907450021787470E-007
   6.2509546104340225E-006
   7.1533038027811327E-006
   5.9567736089789061E-006
   9.7567540418407530E-006
   4.6303547201364085E-006
   2.1865371883583364E-006
   7.6419366019089262E-006
   5.7508122822917448E-006
   8.4037892596697396E-006
   8.2752308251127734E-006
   7.4526283022058129E-006
   6.5570654968112582E-006
   8.0363549364410482E-006
   6.5427164034340539E-006
   8.8376733613674839E-006
   6.4971476405215343E-006
   5.4499819902860655E-006
   5.7086916806622353E-006
   8.5640123991328676E-006
   6.1999247929754599E-006
   4.3385279521170030E-006
   6.1641335204622932E-006
   3.9125348211047062E-006
   5.4160280011500201E-007
   3.4509850667053258E-007
   6.1067326889398401E-006
   7.0448872713331128E-006
   3.9693658236536543E-006
   5.4096593496557126E-006
   7.6655385203150316E-006
   4.0053297588244707E-006
   3.8970912371438810E-006
   3.7370379299487567E-006
   4.1148673934621776E-006
   5.7491572956776794E-006
   4.9363542980599851E-006
   4.3860870396094981E-006
   4.1216329901786842E-006
   7.9188372976502176E-006
   3.1880823591282083E-006
   7.5039102997899273E-006
   3.1455537514544332E-007
   4.2987565716056611E-006
   3.0081580961684265E-006
   4.5902134135375609E-006
   9.7054737029855315E-006
   5.8365573058147006E-006
   3.7943229693631934E-006
   5.3809618360924535E-006
   6.1876738966907268E-007
   7.4871851772067616E-006
   2.5326181670632476E-006
   6.2320874994514606E-006
   9.8105210231680188E-007
   7.1707173461081185E-006
   2.3091580664577772E-006
   1.6058365500638529E-006
   4.2017274901290306E-006
   3.3960264694119892E-006
   1.4577508452807142E-007
   4.8977024081625744E-006
   7.0768532269719766E-006
   9.6202613053151672E-006
   4.8623500590195152E-006
   1.5029688670805898E-007
   9.5426827870006070E-006
   5.8760150633193183E-007
   5.8360723228560438E-006
   8.3583251614909151E-006
   9.7812771343452563E-007
   9.3060265972534443E-006
   3.7198212604682728E-006
   7.2899053267077302E-006
   8.9956851221067346E-007
   3.9630182224978828E-007
   4.6098317204160789E-006
   4.1855226799259737E-006
   9.9215935024748208E-006
   7.6421283412483165E-006
   6.1372582684420931E-006
   2.6293523668669907E-006
   9.4030789287705184E-006
   6.8463930899688202E-006
   6.1276853324604636E-006
   2.8351141592305933E-006
   3.5223007241232609E-006
   5.7148718813902273E-007
   9.8629942006308705E-006
   1.7290023537211398E-006
   3.4783844841073200E-006
   4.3453750985071297E-006
   9.8584950083110824E-006
   8.4275855816088520E-006
   7.0800334533836688E-006
   2.7618768501060899E-006
   6.1763550487575899E-006
   6.0955205338064797E-006
   7.9699424802248899E-007
   2.2912659604282660E-006
   7.3429440291633079E-006
   9.9919851099089768E-006
   6.0339590101256983E-006
   3.7257120498249598E-006
   1.9245141156775925E-006
   7.2792156990022743E-006
   4.4178798435237157E-006
   2.0481664749723285E-006
   3.8512063667030722E-006
   9.4886697195597840E-007
   2.3582803351473328E-006
   9.9542833807752867E-006
   2.1272056919086480E-006
   3.5145660903996325E-006
   1.0439834581823537E-006
   1.6042870879019822E-006
   9.6664202128684810E-006
   3.3744422640900877E-006
   6.0304878062134279E-006
   4.7051731960480675E-006
   7.1342898689939107E-006
   5.8515515345103955E-006
   5.7665848906819564E-006
   9.0671223127506870E-007
   6.8945100576994215E-006
   1.9012833318032520E-006
   6.3998738799253972E-006
   6.1489991383975100E-006
   7.0459816304512793E-006
   9.6567931566437236E-006
   5.6149855941763019E-006
   7.9313150855101690E-006
   5.7327092092966149E-006
   4.0521053921986493E-006
   3.0803362623225218E-006
   3.1520666886477800E-006
   7.5766806904470469E-006
   7.1519793539062772E-006
   3.3035087988884263E-006
   8.4408849539486463E-006
   2.2490612554058443E-006
   8.0776897099750277E-006
   7.5459287002044123E-006
   3.0381414541275187E-007
   4.8891196058571679E-006
   3.9412958858803773E-006
   8.9572063321824569E-006
   5.6702544140060158E-007
   2.1500452786956363E-006
   9.0580822334166944E-006
   5.5987658990316576E-006
   6.2197232543354757E-006
   8.6350347705369435E-007
   6.0817223543351973E-006
   7.8523759216874492E-006
   5.6759309724299059E-006
   3.5987208579869303E-006
   3.8508346276775569E-006
   7.2988958618404793E-006
   8.5599276115660436E-007
   3.6487265442875931E-006
   9.0420180650845572E-007
   5.0719889405213742E-006
   5.6162035604853760E-006
   7.5815389514699446E-006
   2.7272643433954281E-006
   8.6225826643504735E-006
   4.5169978681277906E-006
   9.7290798278468093E-007
   5.3297249655747790E-007
   3.2467298364985310E-006
   8.0875780633561384E-006
   8.1644167324332534E-006
   1.5115391057566187E-006
   7.0755238430751696E-006
   8.1028296917690098E-007
   4.0610181471893182E-006
   7.0333832743440889E-006
   1.3710455955214475E-007
   2.8607543576234185E-006
   7.4595255055165935E-006
   3.0952856246177189E-006
   4.8993835653672672E-006
   1.4347479655538742E-006
   9.6204834813192731E-006
   7.4823375084742042E-006
   5.0081381568443685E-006
   1.7598053240707513E-006
   9.5821337985292856E-006
   5.0295506062042474E-006
   5.1551678188221930E-007
   5.8839913858864626E-006
   3.8547553258217392E-006
   6.7199028484472783E-006
   4.9502559209942321E-006
   5.3215583404135360E-006
   6.9514475280658124E-006
   6.0232494163330092E-006
   7.4240800253452562E-006
   2.9978153326255978E-006
   3.5800898834011922E-006
   3.5238809658236884E-006
   4.5298950025128470E-006
   6.0268971683547160E-006
   5.5449080284348023E-006
   1.4467532371413028E-006
   4.0509268590054733E-006
   8.5730804571858347E-006
   8.1090275681754034E-006
   8.2032105883622874E-006
   8.5030912756547757E-006
   1.8796998403626998E-006
   8.8772546093851193E-006
   4.9741972173673956E-006
   3.1962262033093596E-006
   6.1486118655297065E-006
   1.7319836262930490E-006
   5.4337346634496299E-006
   8.4880281980610252E-006
   4.2587893265138960E-006
   1.9408936157187851E-006
   5.3789292685536302E-006
   8.9265484261212724E-006
   2.4720039212752645E-006
   1.3577213319486061E-006
   6.9687325646473185E-007
   5.8908525106763648E-006
   8.2759215543230726E-006
   5.3896270751065882E-006
   8.1724742380708433E-006
   9.9614341173527291E-006
   5.2409203436121667E-006
   7.6903545238989234E-006
   7.0170216281443378E-006
   2.8985706717687524E-006
   4.8034855029188520E-006
   9.6648449942650016E-006
   7.5126150279838172E-006
   1.4629981249208470E-006
   4.7707641024284597E-007
   4.8607566368304429E-006
   3.2940601969705756E-006
   6.0900458089054641E-006
   4.6945735434236276E-006
   2.5225347965076374E-006
   9.7253524218168246E-006
   3.3437404234577854E-006
   9.0181085783816702E-006
   8.0527334323919788E-007
   1.2954655266924065E-006
   1.9130312090834655E-006
   1.1670833747792409E-006
   5.8932060940729338E-006
   4.7772644163706486E-006
   2.5155934275576730E-006
   3.3019204162939577E-006
   4.0092128915163453E-006
   8.7444261911886600E-006
   9.2021824672544231E-006
   3.9747385593103783E-006
   8.5217915542331144E-006
   8.3389370128126052E-006
   7.8464448307670910E-006
   5.6584938679990406E-006
   2.4750709327596567E-006
   7.1567968520532774E-006
   1.2429211160735112E-006
   5.8840124189581635E-006
   4.4742871172840594E-007
   3.0896226853820411E-006
   7.0669456310584403E-006
   7.3937120368012246E-006
   7.5510000201288920E-006
   3.9681929329582481E-006
   7.4538733916146347E-006
   5.7676424566192678E-006
   3.3992605845233283E-006
   4.8192937607780887E-006
   6.2237359627088192E-006
   8.2359300054629633E-006
   8.6696415490972341E-006
   3.2381201507407202E-006
   1.4631555266139575E-006
   9.0450506770011889E-006
   2.4792227612834797E-006
   7.4120543764922916E-006
   9.1493707890689093E-006
   1.5577237374578359E-006
   1.2274032277505953E-006
   4.6482869558107683E-006
   7.1184623814928465E-006
   3.3568788125388508E-006
   2.7281803194386058E-006
   3.2540458090654881E-006
   6.8009297824167057E-006
   1.8932093694583420E-006
   7.1333672269985939E-006
   5.5746955950587387E-006
   7.3021663355727320E-006
   6.2511438121767405E-007
   1.8532399367838650E-006
   3.9970486634575545E-006
   9.6514973001220733E-006
   4.0742471038408913E-006
   2.8818195322459129E-006
   7.2168032803314018E-006
   7.4904169526870140E-006
   5.5812655593995746E-006
   7.8910807196809711E-006
   9.4185790685844805E-006
   4.3836094097243254E-006
   1.0911914350935448E-006
   9.5945755851524721E-006
   1.8575116080475198E-006
   3.0620068517583046E-006
   2.4796711592762058E-006
   1.0758270269525850E-006
   9.0824287934223376E-007
   4.0352533060261911E-006
   2.5406763923111787E-006
   9.6964735351798146E-006
   9.2569320753151952E-006
   4.7925457379795602E-006
   3.6150047309438765E-006
   4.0773330600999338E-006
   7.1093726696095892E-006
   9.2370218090873762E-006
   7.3342488988522102E-006
   3.5078919855484673E-006
   9.4007634983548373E-008
   1.0333977512471838E-006
   1.6353325329283109E-006
   2.1502422810165478E-006
   2.0728182068696136E-006
   1.1444840386016642E-006
   7.2559968004449014E-006
   6.2712972258245993E-006
   8.8466784701495974E-006
   3.1791166094859882E-007
   8.1818931630121933E-006
   9.8551400269488082E-006
   3.2759613232626888E-007
   9.6632215682464522E-006
   7.1096768867832557E-006
   1.6319978996714624E-006
   2.6565654589378310E-006
   5.1493418000553985E-006
   7.9322787656428101E-006
   4.8347291428090491E-006
   1.0295202892894185E-006
   5.3553231134387094E-006
   8.9740483253379236E-006
   9.1703412981822279E-006
   3.7101295191265974E-006
   3.5408071776176299E-006
   9.7883187505898987E-007
   9.4885812055681732E-006
   2.6900386848119465E-006
   9.1551349948460507E-006
   4.0392029296010209E-006
   8.1607050311477494E-006
   9.0181633140077834E-006
   3.3841619419229919E-006
   9.3071195257930848E-007
   3.7965385810158417E-006
   2.5406809874012339E-008
   5.2867644456207680E-006
   8.7883720017929202E-006
   3.9440212691982502E-007
   4.6701018635106900E-008
   4.4890055181903669E-006
   5.8766169543128356E-006
   5.2458256553284822E-006
   8.6933761664259413E-006
   2.4130964267977862E-006
   1.0947284560192905E-006
   7.8766916184996048E-006
   1.4682515380584060E-006
   7.2487387259592140E-008
   7.4882552332083742E-007
   6.1714665452229469E-006
   9.3006616731552119E-006
   7.3907888881071276E-006
   8.7037299630839746E-006
   4.0074327688552037E-006
   2.2265372976455758E-006
   3.7555631515893265E-006
   6.0457799818582416E-006
   7.1021977999043412E-006
   6.3716238544415850E-006
   1.0176822174006085E-006
   7.6456382883083031E-006
   7.8564057375470510E-006
   2.4338428657479219E-006
   5.8529874532399126E-006
   9.5948560537506643E-006
   9.0572712420806724E-006
   5.5116198521580592E-006
   3.6210517581316730E-006
   1.8599722748506788E-006
   6.8782839574117245E-007
   7.7854216303197701E-006
   3.0624183259898190E-006
   9.9462811926706167E-006
   2.5602722212233366E-007
   9.4085919185321083E-006
   7.4911433440907662E-006
   2.9747261717269548E-006
   3.0709948661250476E-006
   3.0248008209207090E-006
   5.6471175687948700E-006
   7.9114628901370832E-006
   1.9161195700971413E-006
   4.1644061681877370E-006
   6.9168024336410822E-006
   7.1439469405878069E-006
   9.4541176203181022E-006
   5.4495125688409503E-006
   4.5890577367630605E-006
   4.4685846936281420E-007
   6.9166255557825403E-006
   2.5035067309196371E-006
   9.2498050881214956E-006
   7.7399674087531046E-006
   2.8828937387694912E-006
   2.5144501869083261E-006
   4.1740631609301859E-006
   4.9980719853880232E-006
   2.0121192512764553E-006
   2.2158934179387103E-006
   2.6792635777367194E-006
   4.9619535646235058E-006
   5.3418020576429560E-006
   5.6702335475885263E-006
   2.7937569409673437E-006
   8.2012127791223465E-006
   4.6624464652695842E-006
   5.6779390460022174E-006
   1.9274398800914764E-006
   3.9726887546478156E-006
   2.5324145561984924E-006
   7.1756751062174222E-006
   4.3096421797891128E-006
   1.3597009710929222E-006
   4.1233683811999724E-006
   3.7336659871990912E-006
   7.9145040673133181E-006
   5.7324949207856442E-006
   5.7803368645898698E-006
   9.8167043770714308E-006
   2.4610331235207895E-006
   7.7799344131020319E-006
   6.0396704550420571E-008
   4.2610979643224836E-006
   4.1503290808773418E-006
   3.6574129934713729E-006
   8.8074628314760261E-006
   3.8213738718154769E-006
   2.7981729854686488E-006
   3.5990066813869041E-006
   4.0795625177334189E-006
   4.7434095601959959E-006
   7.0876641408921111E-006
   1.0378466695751566E-006
   4.0485033009831240E-006
   3.7780449413287389E-006
   1.4111475789490415E-006
   6.0977782312550581E-007
   6.9509153384643040E-007
   2.8489730181244689E-006
   5.4387475955551480E-006
   4.9677616475719162E-006
   4.6273361476156817E-006
   9.7122903738002639E-006
   6.5217381174586445E-006
   4.4888374422779936E-007
   1.0910739158238471E-006
   6.5643463593145814E-006
   7.2016191067057193E-006
   1.7728377625398463E-006
   4.9268552213974970E-007
   9.0618738404710574E-006
   8.4464252103265027E-007
   5.6667124282726219E-006
   5.7183929358800271E-006
   7.2084913443054789E-007
   7.9473913428260109E-006
   9.3325401865813770E-006
   7.3947884364900228E-006
   7.3631342853859199E-007
   6.4124688451152164E-007
   8.8863577216174942E-006
   8.1742729443385683E-006
   6.4266124263806517E-007
   8.0408409367312753E-006
   4.2656476100603646E-006
   9.9549107906656499E-006
   4.0166360966619520E-007
   7.7826693303183340E-006
   8.4360531407711755E-006
   8.1350732473109122E-006
   6.3787644838239969E-006
   2.7033303750663610E-006
   2.6677996085532975E-006
   8.2048174169855968E-006
   7.7539174052747859E-006
   1.7798894049733539E-006
   5.5484321495958908E-006
   2.4372771731056897E-007
   2.7543548709753841E-007
   9.2449316433872075E-006
   2.3452199576700516E-006
   7.0539316008862114E-006
   9.2132390656499274E-006
   2.0143932271291012E-006
   3.9513985442912665E-006
   3.3045800015298579E-006
   5.0243991088406974E-006
   8.5888372762979150E-006
   3.6108936208795130E-006
   9.1037786028275809E-006
   8.6797952085047011E-006
   9.7002347103223856E-006
   9.3616287729749765E-006
   5.4632616316872674E-006
   9.7008468457909254E-006
   8.9021081352941680E-006
   5.5313508198790166E-006
   5.7563492408580047E-006
   3.6174827299334468E-006
   5.1064091974378086E-006
   1.1267257830786603E-006
   4.3932009745401115E-006
   6.4838135271593626E-006
   2.2032487376624467E-006
   9.9450758186931110E-006
   1.2041241667241732E-006
   1.9352611760538553E-006
   7.8907234650457283E-006
   1.9747873164957797E-006
   6.8633941136977632E-006
   7.7315656600696432E-006
   1.8213023873064772E-006
   1.8646352845056225E-006
   3.3313078966323597E-006
   2.7630090587072942E-006
   1.9266812306558678E-006
   9.4721689948853668E-006
   5.9077872669413202E-006
   7.7978379170890019E-007
   1.2043191154853194E-007
   8.7703413295809198E-006
   7.0525759982688250E-006
   7.4790206057674339E-006
   5.2188051897429588E-006
   3.6772010878625565E-006
   3.5801025118413559E-006
   5.5248241486719571E-006
   8.2588104956707316E-006
   9.4433152971805664E-007
   6.2976097442807434E-006
   2.0439584649719025E-006
   7.8566150565667521E-006
   4.9053650908610732E-006
   6.5511252347633644E-006
   1.2881129397886217E-007
   6.6514277601692620E-006
   2.9339512350674471E-006
   5.9989143090770830E-006
   8.2832136595370302E-006
   5.4053788587545252E-006
   7.7147325446757429E-006
   6.7568497638126710E-006
   1.7701472666555441E-006
   4.4030931202520514E-006
   9.2793075523899770E-006
   7.7722437458390214E-006
   1.3268259528519678E-006
   1.3064550207204318E-006
   7.3321470808282959E-006
   8.5108739619454192E-006
   3.7904504976632106E-006
   8.2795343421958611E-007
   3.1350956993806859E-007
   9.8944000195447665E-006
   7.5687885678191747E-007
   4.4781579655541074E-006
   4.8563626054561844E-006
   6.8630129195451531E-006
   7.9515447601045482E-006
   1.5228433929167842E-007
   6.6246050612815873E-006
   6.4095162850159817E-006
   7.1382807850096833E-006
   2.9169832946684750E-006
   5.0238115594255275E-006
   4.3720188209703066E-006
   2.4497256639095902E-006
   5.9940925770866358E-006
   2.9146260033898897E-006
   6.8146645907927464E-006
   2.7117863065010019E-006
   3.3053175530287309E-007
   4.6585902559337038E-007
   9.3081948381043902E-006
   8.6286091040796142E-006
   3.0992569391390281E-006
   9.0801496119848945E-006
   2.5805079016684910E-006
   8.7628702297840890E-006
   1.4702574858379682E-006
   2.7189065699615733E-006
   6.5226232438446720E-007
   6.4035856830137988E-006
   6.6707349938719337E-006
   1.8445756623320311E-006
   7.4486505293180022E-007
   9.0354708775863402E-006
   6.2953177275228397E-006
   2.2861907314901620E-006
   4.7759449135379774E-007
   5.9095339503708306E-006
   1.0232756542813026E-006
   5.8291153152581235E-006
   6.6312394927168286E-006
   1.0091428633736810E-006
   1.3250374534665278E-006
   2.3112895980115336E-006
   6.3756228088726990E-006
   3.3146243010303657E-006
   8.9615733975543922E-006
   1.5870596245116565E-006
   1.4152604036617401E-006
   7.2523903636304901E-007
   1.6019122223381689E-006
   1.3376383808919945E-006
   7.5664621385558501E-006
   4.6350608163851104E-006
   5.2084064382030503E-007
   9.7686845263668865E-006
   8.4478264623560142E-006
   3.7344678659735799E-006
   5.2542451607961033E-006
   8.9194326763856855E-006
   2.3920159034567912E-006
   9.2592621135113264E-006
   1.4892778056850622E-006
   5.3353594155786688E-006
   7.2322185067889536E-006
   4.2065534289878781E-006
   7.3145267067486493E-006
   9.7792026350530453E-006
   7.1680930138367762E-006
   7.7430321297221974E-006
   4.3989152813334601E-006
   3.7887254154745199E-006
   1.4090649449227667E-007